Version 0.9.7
5
 4 10 175 77 128 0 1
 5 80 400 206 81 2 2
 0 163 126 877 276 8 3
 3 348 36 203 58 140 4
 1 418 471 206 81 182 6
 0
25
 8421631 5 474 482 474 460 210 460 210 296 216 296 216 296 0 6 0 3
 8454143 5 229 296 229 296 224 296 224 447 493 447 493 482 0 3 0 6
 8454016 5 242 296 242 296 242 298 255 298 255 296 255 296 0 3 0 3
 8453888 5 512 482 514 482 514 427 263 427 263 296 268 296 0 6 0 3
 16777088 5 281 296 281 302 318 302 318 104 394 104 394 80 0 3 0 4
 0 5 294 309 294 309 294 317 502 317 502 309 502 309 0 3 0 3
 0 5 502 296 502 296 502 288 762 288 762 296 762 296 0 3 0 3
 0 5 762 309 762 309 762 318 944 318 944 309 944 309 0 3 0 3
 0 5 71 275 89 275 89 289 294 289 294 296 294 296 0 1 0 3
 0 5 71 288 71 343 127 343 127 561 433 561 433 540 0 1 0 6
 255 5 684 231 684 231 684 235 866 235 866 231 866 231 0 3 0 3
 255 5 684 218 684 218 684 223 424 223 424 218 424 218 0 3 0 3
 255 5 424 205 424 205 424 207 216 207 216 205 216 205 0 3 0 3
 255 5 216 192 216 192 216 196 71 196 71 202 71 202 0 3 0 1
 255 5 71 215 145 215 145 478 433 478 433 482 433 482 0 1 0 6
 0 5 71 262 71 262 114 262 114 73 359 73 359 73 0 1 0 4
 8454143 5 229 309 241 309 241 329 678 329 678 309 684 309 0 3 0 3
 8421631 5 216 335 217 335 217 344 410 344 410 296 424 296 0 3 0 3
 16744703 5 437 296 433 296 433 340 692 340 692 309 697 309 0 3 0 3
 16744448 5 710 309 707 309 707 329 876 329 876 309 879 309 0 3 0 3
 8454016 5 255 309 255 309 450 309 450 309 450 296 450 296 0 3 0 3
 65280 5 463 296 463 296 463 303 723 303 723 309 723 309 0 3 0 3
 8453888 5 512 495 512 495 523 495 523 365 736 365 736 296 0 6 0 3
 12615808 5 749 309 749 309 749 303 866 303 866 296 866 296 0 3 0 3
 12632256 5 892 296 892 296 958 296 958 186 414 186 414 80 0 3 0 4
4
 7086 1 14 210 244 5 0 4214488 2010135264 3
 7004 1 14 418 244 5 0 4214488 2010135264 3
 7008 1 14 678 244 5 0 4214488 2010135264 3
 7032 1 14 860 244 5 0 4214488 2010135264 3
