Version 0.9.7
5
 4 10 175 77 128 0 1
 5 80 400 206 81 2 2
 0 110 110 877 276 8 3
 3 348 38 203 58 140 4
 1 386 426 206 81 149 5
 0
21
 8454143 5 461 437 461 437 461 419 223 419 223 280 228 280 0 5 0 3
 8454016 5 241 280 241 280 241 280 254 280 254 280 254 280 0 3 0 3
 16777088 5 280 280 280 269 327 269 327 130 394 130 394 82 0 3 0 4
 255 5 71 189 71 189 71 166 199 166 199 215 215 215 0 1 0 3
 0 5 71 288 71 288 71 330 321 330 321 280 293 280 0 1 0 3
 0 5 293 293 293 293 282 293 282 495 401 495 401 495 0 3 0 5
 255 5 215 202 215 207 337 207 337 437 401 437 401 437 0 3 0 5
 8421631 5 215 280 215 280 202 280 202 461 442 461 442 463 0 3 0 5
 8453888 5 267 280 267 280 267 399 488 399 488 450 480 450 0 3 0 5
 0 5 71 262 71 262 97 262 97 101 359 101 359 75 0 1 0 4
 8421631 5 215 293 215 293 215 303 465 303 465 293 475 293 0 3 0 3
 8454143 5 228 293 237 293 237 315 483 315 483 280 488 280 0 3 0 3
 16744448 5 501 293 501 293 501 298 748 298 748 293 748 293 0 3 0 3
 8454016 5 241 293 241 293 241 286 514 286 514 280 514 280 0 3 0 3
 8453888 5 480 437 480 418 532 418 532 280 527 280 527 280 0 5 0 3
 12615935 5 540 280 540 280 540 284 761 284 761 280 761 280 0 3 0 3
 16744703 5 774 280 851 280 851 215 414 215 414 82 414 82 0 3 0 4
 255 5 215 189 215 189 215 191 475 191 475 202 475 202 0 3 0 3
 255 5 475 176 544 176 544 203 770 203 770 176 748 176 0 3 0 3
 0 5 293 319 293 319 293 351 564 351 564 319 553 319 0 3 0 3
 0 5 553 306 553 306 553 309 826 309 826 306 826 306 0 3 0 3
3
 7086 1 14 209 228 5 0 4214488 2011118304 3
 7008 1 14 469 228 5 0 4214488 2011118304 3
 7032 1 14 742 228 5 0 4214488 2011118304 3
