Version 0.9.7
5
 4 10 175 77 128 0 1
 5 80 400 206 81 2 2
 0 128 106 877 276 8 3
 1 442 476 206 81 140 4
 3 413 16 203 58 150 5
 0
45
 255 5 71 228 71 228 116 228 116 482 457 482 457 487 0 1 0 4
 0 5 71 288 71 288 71 544 457 544 457 545 457 545 0 1 0 4
 0 5 71 249 71 249 98 249 98 55 424 55 424 53 0 1 0 5
 0 5 71 262 95 262 95 368 181 368 181 367 181 367 0 1 0 3
 0 5 259 276 259 276 259 276 259 367 259 367 259 367 0 3 0 3
 0 5 467 276 467 276 470 276 470 367 467 367 467 367 0 3 0 3
 0 5 636 276 636 276 636 276 636 367 636 367 636 367 0 3 0 3
 0 5 857 276 857 276 857 276 857 367 857 367 857 367 0 3 0 3
 255 5 71 189 111 189 111 99 246 99 246 120 246 120 0 1 0 3
 255 5 181 120 181 120 181 120 181 211 181 211 181 211 0 3 0 3
 255 5 389 211 389 211 389 211 389 120 389 120 389 120 0 3 0 3
 255 5 558 211 558 211 558 211 557 215 557 120 558 120 0 3 0 3
 255 5 779 120 779 120 779 120 779 211 779 211 779 211 0 3 0 3
 8421631 5 498 487 489 487 489 461 380 461 380 276 389 276 0 4 0 3
 8454143 5 402 276 402 276 409 276 409 440 517 440 517 487 0 3 0 4
 32896 5 415 276 415 268 359 268 359 95 459 95 459 60 0 3 0 5
 8421631 5 389 289 389 289 389 289 428 289 428 289 428 289 0 3 0 3
 8454016 5 441 276 435 276 435 410 536 410 536 487 536 487 0 3 0 4
 4210688 5 454 276 454 269 483 269 483 60 479 60 479 60 0 3 0 5
 4210688 5 454 289 463 289 463 338 792 338 792 276 792 276 0 3 0 3
 32896 5 415 302 415 302 415 310 779 310 779 276 779 276 0 3 0 3
 12632256 5 805 276 805 276 805 276 818 276 818 276 818 276 0 3 0 3
 8454143 5 402 302 402 307 346 307 346 218 402 218 402 211 0 3 0 3
 8454016 5 441 289 441 283 498 283 498 211 415 211 415 211 0 3 0 3
 16744576 5 428 198 428 197 668 197 668 267 831 267 831 276 0 3 0 3
 8388736 5 499 60 499 97 871 97 871 267 844 267 844 276 0 5 0 3
 8421631 5 389 315 389 315 389 318 181 318 181 315 181 315 0 3 0 3
 12615935 5 194 276 194 276 314 276 314 185 441 185 441 185 0 3 0 3
 8454143 5 402 198 402 198 402 178 454 178 454 185 454 185 0 3 0 3
 4210688 5 454 315 454 315 749 315 749 220 792 220 792 211 0 3 0 3
 4210816 5 467 185 467 185 805 185 805 185 805 211 805 211 0 3 0 3
 8421376 5 818 211 818 211 818 156 519 156 519 60 519 60 0 3 0 5
 8454143 5 454 172 454 167 531 167 531 276 558 276 558 276 0 3 0 3
 8454016 5 441 315 441 315 441 356 207 356 207 289 207 289 0 3 0 3
 65280 5 220 302 220 302 220 328 571 328 571 276 571 276 0 3 0 3
 4227327 5 584 276 584 276 717 276 717 196 831 196 831 211 0 3 0 3
 8421631 5 498 500 555 500 555 402 893 402 893 211 844 211 0 4 0 3
 8388863 5 539 60 539 111 848 111 848 198 857 198 857 198 0 5 0 3
 12615935 5 194 289 194 289 194 289 597 289 597 289 597 289 0 3 0 3
 8454143 5 517 513 517 513 517 514 233 514 233 302 233 302 0 4 0 3
 65535 5 246 302 246 387 606 387 606 289 610 289 610 289 0 3 0 3
 12615680 5 623 289 623 289 653 289 653 220 571 220 571 211 0 3 0 3
 8454016 5 536 513 536 513 688 513 688 211 584 211 584 211 0 4 0 3
 16777088 5 597 172 597 172 579 172 579 172 579 60 579 60 0 3 0 5
 16744448 5 599 60 599 60 938 60 938 487 631 487 631 487 0 5 0 4
4
 7008 1 14 383 224 5 0 4214488 2003122912 3
 7008 1 14 552 224 5 0 4214488 2003122912 3
 7032 1 14 773 224 5 0 4214488 2003122912 3
 7004 1 14 175 224 5 0 4214488 2003122912 3
