Version 0.9.7
5
 4 10 175 77 128 0 1
 5 80 400 206 81 2 2
 0 110 110 877 276 8 3
 1 195 415 206 81 140 4
 3 169 25 203 58 150 5
 0
22
 0 5 71 288 71 288 103 288 103 484 210 484 210 484 0 1 0 4
 0 5 71 275 71 275 118 275 118 371 163 371 163 371 0 1 0 3
 0 5 241 280 241 280 241 280 241 371 241 371 241 371 0 3 0 3
 0 5 358 280 358 280 358 280 358 371 358 371 358 371 0 3 0 3
 0 5 488 280 488 280 488 280 488 371 488 371 488 371 0 3 0 3
 0 5 618 280 618 280 618 280 618 371 618 371 618 371 0 3 0 3
 0 5 71 262 71 262 98 262 98 62 180 62 180 62 0 1 0 5
 255 5 71 189 71 189 120 189 120 124 163 124 163 124 0 1 0 3
 255 5 176 124 176 124 176 215 176 215 163 215 163 215 0 3 0 3
 255 5 293 124 293 124 293 215 293 215 280 215 280 215 0 3 0 3
 255 5 397 124 397 124 397 215 397 215 410 215 410 215 0 3 0 3
 255 5 527 124 527 124 527 215 527 215 540 215 540 215 0 3 0 3
 255 5 71 215 71 215 132 215 132 420 210 420 210 426 0 1 0 4
 8421631 5 270 426 270 402 169 402 169 280 163 280 163 280 0 4 0 3
 8388863 5 176 280 176 280 176 280 280 280 280 280 280 280 0 3 0 3
 8454143 5 289 426 289 426 289 280 289 280 293 280 293 280 0 4 0 3
 8454016 5 306 280 306 280 306 280 410 280 410 280 410 280 0 3 0 3
 16777088 5 251 426 251 426 251 441 414 441 414 280 423 280 0 4 0 3
 4227327 5 436 280 436 272 504 272 504 88 215 88 215 69 0 3 0 5
 8421631 5 163 306 163 306 449 306 449 306 449 293 449 293 0 3 0 3
 16777088 5 423 319 423 319 462 319 462 319 462 293 462 293 0 3 0 3
 16512 5 235 69 235 114 514 114 514 293 475 293 475 293 0 5 0 3
4
 7004 1 14 157 228 5 0 4214488 2003122912 3
 7008 1 14 274 228 5 0 4214488 2003122912 3
 7032 1 14 404 228 5 0 4214488 2003122912 3
 7032 1 14 534 228 5 0 4214488 2003122912 3
